
910536648
1308939600
901854729
906998951
300418746
200148906
901450081

1705815148
905786597
601932668
986001079
908723810
904050979
1704943652

910385724
602336332

905409588
1202915737
902676451
902165167
919446063
900161044
914420203
906547971
920565645
915247928

901462010
902164144
913037952
900150542
912254191
600298525
1702012525
913149837
601803837

906726816

901460916

905433331
910386896
906371596
903506798
916643315
921527446
1711873362
920625101
907640973
926016957
920283017
910729953






912969524
908146210
905271681
912485489
600739718
1801285833

907696967
900965535
903710994
913473153

900457475
911335181
914541107
902150291

915611058
903714483
909386427
905796231
906078739
916086946
902168616
905612694
910278481
800094709
101632578
917936668
906401591

902413251
902158971
914921135

909762760
902670983
601942098
1303728074
909180309
908660558
902999177
700841951

914216834
915170518







908783491
908572365
1702780007
1301884328
905307948
917979544
920526597

902671050
919257071
912837185
903559656
600338529
603192121
1303597031
600665088
926748775
912329560

924918101
908969580

909802860
924949432
2304958753
911103458
601047476
900250185
916540223
1312404370
913052677
1000208627
600350566


902160044

701389637
903510247
910790146










902167964
902159169
902165943
300912335
914339115


910513135
916509840
900113382
902159946
600349583
1708912074
914466855
907538155
1307018563
901438367
1303997067
902217331
902472795
904406304
908926249
602000076
912487352
905915682
906368337
912100732
904050788
900011678
916111025
300846335
601381023
912231784
907682926
906942529
904602018
300491835
905271840
300638137
907665286
917279044
101135169

927072580
907309678
909290786

912300415
923285697
918069916

915307078
1704995100
911206945
992171074
907149245
600275895




902575919


601606271
902996736
707066893
2917937717
907760983


909496637
902790634
600277496
908023864
1101634631
601088256
909867989
900923522

911375467
913509627
906440004
902151639
909492175
910076520
902463538

910016211

1703220276
991383787
1203677290
905486031

1307113090
904901494










1304638100
905948188
904873598
1710116046










1200297100
915593918
1803424637

913823084
903907799
701912288
601466121
1704818762
1204430929
201751781
602237746
602133069
200993807

1500008585

908133353
903347905
1201449418

1801359554
912928067
909274954
909967417
917200164
602219371
604273284
983224660
902084284
906452431
1203333371

926172032
913234278
907193484
914202941
914883229
904365583
902154641
1201177266

600573703
905006904

602713035


905725891
910323543
900560517
911770980
1802541085
1001817905
903938422
909308413
914905022





907037501
918771354
915320015
908331607
902827246
102183613
905690848
1200292835
201042885
909146334

1703325314
602980207
910458770
100693226
300025344
934678239
983105961
919263285

916045313
917930489
1301916069
913217901
918804999
224865026
907314463
909113813
906861703
1000726672
907037501
905765137

905118140
970453218
1101521746
907304126
1707825856
1708394175

913604228
911643658
906215736
2910100050
601204242
1301048988
905735668
911974567
300294452
912614378
300505010
913507497
968456784
900962771













1800444059
917943533
601587984
919195552


911960616
917216088
916572400
918001603
200241231

906747555
602060140
918715947

901927970

906989538
101829738
904600921
300341963
601395296

910156794
905928115
1200785259
900669086
901546333

906949631
103039533
909553464
1710076257
601738165
907489439
603252231


912622537
925164949

601493992
918010975
906328636
918487076
1100107076

900541145
600840094

905581393












909553463


905131356

915864219
1103408397
900610099
904840485

908855067
917571689
900572488
200519008
903712438
917187031
905904322
600420518
701054687
1204810401
913233467
902986746
912237955
602578296
601761016
903535766
603310822
1302481915
601542176
602293227
300087897
907503973

1703896174
919747592

900943417
916593544
603538134
912416501
924378656
604131151

905769148
901752056
600300925
1302319536
910374826
601640155
603465881
916844237
101771533
903419717
1200598975
920066033
600264352
900822157

916481898
901781641
301191482
909024201
300451895
1300605464
906266093
603124463
920359404
1801595074
903129583
601143325






1204178710
967457232
909319205
906511233
917469660
918324153
902674945


905353736
201579489
601089486
2100256285

992827666
1706154373
1102628722
1102628722
845306742
906538045

200480656
603528738
904578474

603775942
987804355
911758812
602238973
912085421
905353504
600489413
911339506

964277851
603130015
910197474
940832220
906030904
1703762251





902219420
907081293
915357396
802125450
201046141
700760292
907921811
905447976
1304892739
914522800
907061964
914466975
908640642
908113005
907466841
2700905939

909872872
201015279
913134988
603280034
915303689
920284336
604037382
910525345
902704866
903558850
910126375
906886734
1704685535
919703109
1202122360
904384245
902515006

1202126677
300049194
600985973
602672678
925599004
910872605
911326396
920244422
602143514








1309113214
910971084
906357405
300550399
914691101
914297075
1306808857
601932668
905433331

101632578
917936668
924918101

902159169
904901494
602219371
906215736