2953941
2938366
2138606
3837464
2887714
2894936
2570870
2174067

2488752
380277
3271248
24034826
3907076
3330577
3034015
3006061
2152956
2605023
2340637
2389885
3362495
2604272
3452863
214283
3622572
3611240
3956529
3578617
3598745
3258171
2128643
2937655
2529039
3737547
3748945
2670014
2046403
2260104
3311379
3746534
3797833
3773742
2013852
2952403
37785026
3712980
3896787
2796000
2830515
3635704
3114050
2711311
3635061
3578083
2390933
2780606
2052688
2802602
3348508
2053342
2550013
3155061
3536059
2215746
2003557
3828515
2116432
2188163
2261623
3130838
2546537
3675975
3302110
3236616
2444035
3551852
2018640
2385684
2717261
2366441
2725717
2532525
3430129
2664609
3532130
2463111
2286024
3586914
2855019
2426579
2222226
2542591
2564193
3273322
3126413
3540880
2259895
2121578
2808287
2675447
2746596
2325412
3721382
3180490
2988005
3688928
2737989
2594178
3487219
2517178
2360647
2764564
2233918
2722116
2177249
3179401
2118696
3341355
3966289
2771229
2632842
3058427
3010709
3472381
2929511
2856102
2282971
3128314
2479980
2235327
3280798
2670538
2738229
2696978
3357410
2777480
3969937
2473512
2286701
2087189
2947542
3351087
2127367
2374711
3394489
2571150
3595567
3396104
3996115
39367546
2745164
3526383
2241560
2619856
2176115
2376550
2320050
317535
2061990
3168904
2922413
3556471
3615772
2679764
3962879
2844143

2421672
3947780
3208707
2575823
3958097
3594531
3530953
3190404
3294196
2982401
2698084
2069160
2462390
2938664
3454964
3877734
3896793
2469966
2601066
3585709
2126468
3164681
2905185
2936505
3087135
3293453
2051207
3135112
2887188
2063929
2784601
3720995
3741423
2305255
3842407
3008457
2061802
3858607
3779814
2254045
2522855
3160447
3706242
3300862
3002209
3856831
3981732
3189458
2770233
3918930
2909540
2950094
2370233
3831850
3796094
2171463
2194014
3323824
3105489
2545732
2021963
2156797
3849426
2117113
3046248
2673627
2879927
3491996
2557122
3395639
3018717
3283612
2712875
3963290
3673884
3764803
3553513
3554845
3017803
2432681
3181444
3078600
3102548
2558815
2441466
2497168
3958662
3328911
3250742
3926176
3206532
2632739
3174841
2534026
26286286
3401533
3104584
3526356
3542646
2158835
3477001
3217073
2832688
2444755
257675
3639112
2257951
3156851
2303295
3595157
2531867
3036286
2179651
3042864
2860997
3995776
2477817
2066229
3005734
2027231
3851677
3435044
3970889
3251095
3057208
2394725
3377348
3753115
3012119
2140670
3762286
2263499
2006590
3732767
3774983
2479600
2386723
3960959
2267864
2031519
3428898
3638716
3113669
3815487
2443913
2658160
2543961
2466959
3921894
2730423
3488405
3119497
2250045
2196009
2702516
2716416
2853179
3025167
2047306
2087126
3110264
2095126
3259069
2285385
3529271
2708068
3839125
3271596
3404994
3190372
2452594
2566280
3984237
3300316
3471300
3704994
2408915
2845155
2986632
2126158
3782510
2780990
2260621
3706185
2801071
2342989
3908709
3950924
2530393
3752346
3678546
2898826
2532157
2164196
2700597
3721931
3722040
2081339
2512691
3677676
3069522
23660946
2620761
3914096
3460790
3207767
2238742
3188110
3075890
3121984
2227295
3742418
2567079
2558329
2055314
3484762
3379399
2236237
3020061
3296929
3430883
3509439
3089377
2111731
3736822
2215818
3041002
3780614
2493687
2594594
3448423
3584336
3370230
3233062
2067715
3391886
3067430
2682078
2854560
2917228
2841991
2705665
2630948
3380863
2703750
3727713
2929671
2849343
2259474
2635532
2386163
3693106
2016125
3201868
2049314
3546819
3723752
3465961
2120128
3932884
2910960
3590554
2316947
3532297
2741846
2143698
2120661
2179307
3750316
3143845
2738421
2188592
2898971
2541332
3505199
3212513
2186033

2905861
3263816
2761620
3446221
3620318
2660726
3411349
3971066
2164089
3602611
2584827
2946315
2004962
3873537
2847677
2233056
2403984
3516874
2555911
2968185
3515075
3887811
2092906
3519700
2137300
2426292
3000947
2946142
2412119
2476806
3701954
3634475
3555869
2414868
2248521
3738942
2037594
2730268
3225892
3567014
3953301
3076563
3841521
2908463
3332894
3194868
3578435
3896442
3795800
2283192
3472051
3655194
2429818
3763077
2279659
3301275
3735165
3916515
2744963
2701628
3988468
3593145
2811296
3337338
3904215
3577251
3626787
3520930
3032399
2768325
2080542
3966096
3642149
2081773
3037854
2966324
3912416
3042946
2329443
3261782
2593269
3168325
2493954
3133923
3399085
2948481
3176118
3727231

2424165
2539019
3230166
2089682
3611282
3730554
2129018
3019988
3301031
2017678
3837833
3821983
3932495
2142347
2870124
2809142
2425813
3473255
3093888
2662198
2938035
2757258
3856914
3315535
3508237
2667356
3665513
2040323
2338625
3143939
3362978
3529978
2338315
3455748
3811618
2880726
3658077
2679338
2807754
2000070
2173781
3627806
3077214
3842619
3369343
3652870
3581859
2944132
2906073
3071564
2106404
3906345
2152090
3961564
2704703
21043346
3854555
3084539
2439069
2430727
3024079
2226427
3679080
2481452
3423065
2348356
2008185
2336562
2310522
3648747
3642843
3388113
3633008
3982386
3755660
2800286
3155157
2135072
2968240
3552284
2058085
2177978
3947632
2662985
2733810
2609990
2138064
2123348
2743446
2339149
3574505
2981394
2531729
3354023
3728212
2779672
2834575
2244223
3011729
3135054
3387653
2377275
3044236
3273332
2694223
2920438
2903804
3608461
2468860
3979362
3495271
2585717
3253510
2354647
2855294
2769303
3173324
3242565
3587064
3696968
2369721
3254098
2257834
3894741
3487436
3271248
37785026
3236616
2426579
2222226
3357410
317535

26286286
2658160
2111731