15
19
20
8
18
12
33
11
12
13
18
18
20
16
11
8
17
11
6
8
13
13

11
8
11
14
10
7
18
13
14
10
16
8
16
11
15
13
19
18
8
9
14
12
6
19
16
10
10
9
7
9
8
6
19
18
7
17
7
6
11
8
17
33
13
7
20
10
16
8
16

6
18
12
20
20
11
18
10
7
6
18
9
12
16
12
9
7
13
12
6
20
12
7
15
11
13
18
8
16
19
14
6
17
15
15
15
15
7
13
16
12
20
8
8
7
20
17
13

8
10
12
15
9
12
7
11
6
7
18
19
16
17
20
16
15
16
7
12
9
12
11
15
6
6
18
9
8
11
14
14
18
17
16
18
10
17
8
6
15
15
13
19

11
6
20
17
8
13
19
16
18
6
20
17
17
33
11
6
20
9
18
17
6
15
8
7
6
13
12
6
16
20
6
19
12
12
19
20
17
16
9
20
8
6
6
17
6
14
13
18
14
16
20
17
16
20
17
17
9
6
10
20
9
15
7
15
18
15
6
8
9
20
7
14
12
11
11
9
14

6
9
6
17
17
16
15
12
8
18
13
19
12
7
10
14
13
10
8
6
7
18
19
7
19
17
12
20
12
8
20
19
12
10
15
6
15
10
7
17
12
6
8
9
18
6
20
13
17
15
10

18
19
13
13
19
14
17
16
11
19
13
7
20
15
12
20
18
20
13
20
11
8
6
14
13
15
7
19
20
7
19
6
18
13
8
16
18
9
19
6
18
7
7
17
11
7
14
7
15
11
14
16
15
13
20
17
10
33
17
17
16
19
9
33
13
16
9
18
19
16
19
15
19
6
20
9
15
14
14
15
11
12
18
18
10
16
7
19
8
15
8
15
6
19
11
8
8
7

10
9
11
17
7
16
8
19
15
8
8
18
7
13
8
20
10
6
9
14
19
17
17
14
20
20
14
6
17
20
8
8
8
8
12
12
18
6
11
15
17
20
14
14
20
20
18
10
12
7
19
7
16
7
9
19
17
20
12
14
18
17
12
18
10
7
11
33
16
16
19
13
20
18
9
9
13

16
7
18
8
6
19
20
16
16
14
19
17
17
14
6
10
10
18
17
13
19
7
16
8
14
18
11
8
18
19
15
10
33
18
16
19
15
11
7
16
20
20
20
9
16

13
16
10
17
6
15
16
18
9
6
6
9
12
6
8
13
14
7
17
20
15
18
20
12
20
14
15
8
17
19
6
16
15
15
11
11
10
7
15
33
9
10
7
17
13
9
10
20
15
9
14
14
9
14
19
16
10
11
20
14
12
11
12
14
15
7
35
15
13
13
15
9
12
18
13
7
10
19
15
7
9
17
11
6
17
7
19
17
12
17
16
16

20
8
6
9
20
9
11
8
10
11
17
16
16

6
19
16
20
8
16
6
6
9
16
11
10
9
13
7
16
18
12
17
19
17
13
17
11
11
13
18
13
19
9
7
8
16
18
6
18
13
12
17
10
11
10
18
11